		1	2	3	4	5	6	7	8	9	10	11	12	13	14	15	16	17	18	19	20	21	22	23	24	25	26	27	28	29	30	31	32	33	34	35	36	37	38	39	40	41	42	43	44	45	46	47	48	49	50	51	52	53	54	55	56	57	58	59	60	61	62	63	64	65	66	67	68	69	70	71	72	73	74	75	76	77	78	79	80	81	82	83	84	85	86	87	88	89	90	91	92	93	94	95	96	97	98	99	100	101	
1:6NKM_1|	100.0	7.8	10.5	13.4	16.3	10.0	10.8	12.2	10.3	10.7	9.2	21.3	6.1	12.6	20.0	9.7	20.5	18.7	13.5	13.8	9.0	12.9	19.4	17.6	4.9	19.2	6.7	22.3	10.3	21.5	10.8	6.3	7.6	13.8	16.6	11.7	11.4	13.1	10.8	12.2	11.5	7.6	7.4	10.3	9.3	14.7	24.6	9.4	19.4	8.4	17.5	8.5	10.6	21.6	9.3	20.8	14.4	10.5	8.1	10.8	19.6	13.0	10.2	14.9	6.6	22.1	8.8	11.6	9.9	9.3	10.1	12.3	15.9	11.6	11.8	21.5	19.3	13.9	15.0	7.1	12.2	13.2	12.3	9.0	8.2	11.7	11.6	10.3	19.4	11.3	15.1	18.4	9.1	9.8	18.4	13.3	12.5	5.5	7.0	16.5	10.7
2:6NA4_1|	13.2	100.0	13.9	10.7	14.9	13.6	14.8	9.6	16.3	15.7	15.4	14.4	11.4	22.8	17.0	14.1	14.3	10.5	11.7	16.7	22.8	13.2	16.7	16.8	11.8	16.4	12.0	17.1	13.2	13.9	25.0	11.9	14.1	18.3	17.4	17.4	14.3	17.9	13.1	13.9	14.2	13.6	14.4	15.3	12.5	15.1	13.1	17.2	15.2	11.3	15.8	12.0	13.6	13.1	24.5	15.0	16.4	15.1	14.3	13.2	18.8	19.7	16.5	15.6	13.3	13.5	13.6	24.5	14.2	13.7	14.1	16.3	16.9	13.4	13.1	11.8	14.6	13.9	15.9	11.3	11.9	16.5	12.9	11.3	13.6	12.1	13.0	12.8	13.4	12.8	14.2	14.8	22.9	17.9	12.8	14.3	13.8	11.3	13.2	14.7	13.8
3:1N7G_1|	15.1	11.8	100.0	50.4	12.0	12.7	16.3	14.0	14.7	13.6	10.4	11.8	11.0	18.2	15.5	10.7	19.4	12.8	13.9	13.4	12.6	11.3	14.7	17.6	7.0	11.7	9.8	17.8	12.3	19.1	13.6	11.2	9.7	14.5	12.8	15.1	14.3	12.2	17.2	18.0	15.7	8.7	12.3	15.3	14.6	13.9	14.8	13.4	16.3	11.6	16.8	10.5	13.9	16.6	13.9	16.4	16.7	12.0	11.0	14.1	13.8	12.2	12.1	18.0	9.1	17.6	13.0	14.1	17.8	11.3	52.0	13.8	14.0	15.9	13.1	14.5	16.8	14.6	12.5	11.3	15.8	15.3	12.6	9.7	11.5	18.3	18.5	15.1	14.2	13.1	12.6	18.4	10.4	11.5	9.0	15.0	13.6	11.9	10.2	14.3	15.7
4:1RPN_1|	17.0	8.0	44.4	100.0	16.7	10.6	13.6	16.0	11.7	9.8	11.8	13.7	9.5	12.3	16.6	12.1	16.7	14.0	18.4	11.5	9.3	13.9	23.0	19.7	7.9	15.7	8.6	14.5	11.0	15.1	14.5	14.4	8.6	14.8	16.6	11.4	13.6	16.1	13.1	11.6	12.7	10.4	11.0	12.6	16.2	18.0	18.0	13.8	12.4	10.4	17.2	11.8	13.4	14.3	14.9	15.0	17.7	10.8	8.6	13.0	16.7	14.5	11.0	10.4	10.2	17.2	13.0	15.0	11.9	10.8	46.1	14.3	16.9	14.1	15.2	14.5	10.7	17.6	9.8	9.2	16.7	14.0	12.0	14.6	10.3	20.1	13.0	14.1	21.9	13.3	14.5	17.3	12.8	10.9	16.0	20.3	12.0	7.0	9.0	11.2	16.4
5:1Y5M_1|	17.0	9.2	8.7	13.7	100.0	10.9	9.0	13.7	11.1	9.8	10.9	19.8	7.8	12.0	17.4	7.5	15.9	16.0	22.9	9.7	10.5	12.6	22.6	20.4	5.8	18.5	9.0	25.7	8.9	25.9	11.7	8.2	6.0	10.7	78.1	9.4	8.1	8.7	12.5	10.2	9.8	7.0	9.2	13.0	13.4	17.6	22.1	11.9	18.7	8.0	10.3	7.0	10.6	22.4	12.3	18.6	13.4	10.3	7.0	10.5	14.9	11.9	8.9	12.1	8.3	26.6	12.0	12.8	11.9	8.5	12.3	18.2	10.1	19.2	10.0	21.5	22.1	69.8	9.5	7.1	12.2	12.4	10.2	8.7	9.7	14.3	15.6	11.9	26.7	12.8	10.1	24.5	11.5	9.8	17.7	11.9	9.8	7.8	6.6	14.7	16.0
6:2GCG_1|	12.5	10.0	11.0	10.4	13.0	100.0	11.4	8.7	12.2	12.8	10.9	13.7	9.0	12.0	13.6	11.7	17.1	12.8	15.0	14.1	12.3	11.9	12.3	16.1	7.8	13.9	9.4	15.2	14.4	13.9	9.3	10.3	10.3	12.8	10.2	12.6	12.1	11.0	9.6	10.2	13.0	7.6	16.0	13.3	13.7	18.8	10.2	12.2	9.5	8.9	14.1	7.2	14.4	12.0	14.6	16.8	13.4	13.4	11.2	12.2	13.4	12.8	10.5	12.8	10.0	15.6	13.3	12.8	23.8	10.1	10.4	11.3	15.0	10.9	13.1	11.8	13.9	9.5	14.1	8.6	9.6	12.8	11.4	10.1	10.7	14.3	14.9	17.0	17.4	13.1	10.7	13.4	10.9	15.4	12.5	14.7	8.8	7.8	8.2	15.6	12.3
7:2GLX_1|	13.6	10.9	14.2	13.4	10.9	11.5	100.0	7.3	10.9	11.0	14.0	17.5	9.7	12.9	14.0	13.3	13.6	14.4	14.3	14.5	15.0	12.6	13.9	20.8	6.3	12.8	11.0	10.4	12.6	15.9	11.1	11.2	9.7	12.4	11.7	10.3	10.2	14.3	11.7	12.6	18.6	9.3	14.4	13.0	11.5	12.2	16.0	14.7	16.3	9.3	12.4	8.9	11.4	16.6	15.6	15.7	17.7	12.5	10.1	11.6	13.8	13.0	22.6	11.1	9.5	15.2	11.7	11.6	14.9	14.9	11.2	16.3	11.6	14.9	13.1	15.2	14.6	14.6	12.2	8.4	12.5	11.6	13.8	14.2	11.3	13.6	15.6	11.5	13.8	11.3	12.3	14.8	10.1	9.8	11.8	15.7	13.6	7.4	9.6	18.3	12.6
8:2GN4_1|	15.8	7.4	12.6	16.4	17.0	9.1	7.5	100.0	12.2	11.0	10.6	14.8	8.8	11.1	16.2	10.5	14.3	14.8	13.2	12.6	10.5	13.2	16.7	17.6	6.7	16.0	10.0	16.4	8.0	15.1	12.0	10.3	7.6	14.5	12.1	10.9	15.7	14.3	11.1	12.2	11.2	10.8	15.3	11.6	15.0	15.1	15.6	13.4	14.1	9.3	14.1	9.1	10.1	13.5	13.2	13.5	16.7	10.8	11.2	8.6	14.5	14.2	11.3	13.5	8.3	14.8	11.7	12.8	10.9	11.1	13.9	17.7	11.1	15.6	14.2	16.2	11.1	12.5	11.9	9.2	11.6	16.5	13.2	10.1	8.2	20.1	14.1	11.9	12.6	14.8	15.4	18.1	10.4	9.8	18.4	14.7	11.7	9.2	11.6	15.6	13.8
9:2PKQ_1|	14.3	13.4	14.2	12.8	14.9	13.6	12.0	13.1	100.0	81.0	12.9	14.8	9.9	12.9	17.0	9.9	12.0	12.8	16.2	14.9	12.9	17.9	17.1	15.1	5.8	14.2	10.8	17.1	13.2	15.9	13.6	11.2	9.8	16.9	15.8	10.6	11.7	12.5	13.7	11.9	13.9	10.8	16.3	10.6	11.5	17.1	15.2	15.0	14.5	10.7	10.7	10.7	10.9	11.6	19.2	15.3	13.0	15.4	14.9	10.8	12.3	12.2	10.2	13.5	12.0	14.8	15.3	13.1	14.9	15.2	10.7	17.2	13.0	18.5	16.3	13.5	15.7	12.2	13.1	10.5	13.1	13.2	60.5	13.2	11.3	15.4	15.9	14.7	13.8	10.8	13.2	16.2	12.8	10.9	14.2	13.3	9.6	10.7	10.4	14.3	11.9
10:2PKQ_2|	13.6	11.8	12.1	9.9	12.0	13.0	11.1	10.8	74.2	100.0	13.7	14.1	8.2	14.2	15.8	9.9	15.1	15.2	15.0	12.3	9.9	14.6	13.1	16.5	7.0	13.9	7.7	16.0	9.6	13.1	12.7	11.4	8.1	20.3	13.2	10.6	12.6	11.0	14.9	14.3	11.5	13.6	11.0	14.6	11.2	17.6	11.5	11.9	14.8	12.9	13.4	9.3	10.9	11.6	14.6	15.0	14.7	12.3	9.6	10.8	14.5	11.0	13.1	12.8	9.3	14.8	13.6	12.8	17.5	9.8	10.7	13.3	13.5	14.9	18.3	11.8	13.9	12.9	12.5	6.7	9.6	13.6	59.3	8.5	9.7	12.8	15.2	14.4	15.4	10.8	10.7	16.2	11.2	10.4	13.5	16.4	11.4	9.0	10.4	13.4	12.9
11:2ZB7_1|	12.5	12.3	9.7	12.5	14.1	11.8	15.1	11.0	12.5	14.5	100.0	15.2	9.5	19.1	15.5	10.1	14.0	13.2	9.4	13.8	18.9	15.9	11.5	11.5	6.7	13.2	8.8	11.9	9.6	15.1	19.6	10.6	9.0	15.9	15.8	10.9	12.6	9.9	13.7	10.9	13.9	12.7	12.6	14.0	11.8	16.7	11.9	10.0	10.6	10.4	13.4	9.3	15.0	12.0	19.5	12.4	11.0	15.1	11.4	15.4	12.7	17.1	10.8	14.2	10.4	13.1	10.7	16.8	11.2	9.5	10.4	12.3	13.5	13.8	11.4	10.4	15.4	12.9	12.2	9.2	10.7	16.1	11.1	9.7	10.9	10.3	11.6	12.8	13.0	8.3	12.6	11.2	15.5	12.3	9.4	13.3	8.8	9.8	10.8	13.4	13.2
12:3AI2_1|	21.1	8.5	8.1	10.7	18.8	10.9	13.9	11.3	10.6	11.0	11.2	100.0	7.6	12.3	31.3	9.9	27.9	23.7	27.8	13.4	13.2	11.9	28.6	26.2	5.0	24.6	7.7	29.4	11.9	32.3	9.9	8.0	8.3	11.4	19.2	11.7	11.4	10.4	13.7	11.9	11.5	8.5	12.9	9.6	11.2	12.7	29.5	10.9	19.8	7.1	25.8	8.0	8.4	29.7	11.9	22.3	11.4	12.5	8.1	10.8	23.2	9.6	7.9	20.4	8.1	33.2	12.3	9.5	11.6	7.7	9.6	18.2	13.5	20.3	13.5	25.6	26.1	18.6	10.4	8.0	10.7	16.5	12.0	9.2	10.1	9.5	14.9	13.5	30.0	10.1	14.5	27.8	10.7	9.2	22.6	12.6	9.0	8.2	6.8	15.6	11.9
13:3FR8_1|	12.1	13.4	15.2	14.9	14.9	14.2	15.4	13.4	14.1	12.8	14.0	15.2	100.0	14.5	15.1	12.5	12.8	15.6	12.8	14.1	15.3	13.9	17.9	13.6	8.7	17.4	22.0	18.2	15.8	17.5	18.1	13.4	15.0	17.6	16.6	30.0	14.0	13.1	25.7	14.6	13.0	13.0	12.6	18.3	14.3	16.7	13.9	16.3	15.5	13.3	12.4	13.0	15.5	14.7	14.6	17.9	11.4	14.0	15.4	14.9	12.0	13.3	12.9	15.6	12.0	18.0	13.6	13.8	14.2	16.5	18.4	16.3	15.5	16.3	15.9	15.2	17.1	16.6	11.6	86.6	17.0	14.5	15.0	10.6	15.0	13.6	19.9	15.1	16.6	15.1	14.5	12.3	14.4	13.2	14.6	13.6	13.8	11.3	10.8	15.2	16.0
14:3JYN_1|	15.5	16.5	15.5	11.9	14.1	11.8	12.7	10.5	11.4	13.6	17.4	15.2	9.0	100.0	14.0	9.5	10.9	17.1	13.9	11.9	34.4	16.9	15.1	16.5	11.4	12.1	13.0	13.8	11.9	16.3	27.7	8.2	10.3	13.8	14.3	12.0	12.9	14.6	14.0	10.2	13.6	10.4	10.7	11.6	14.3	15.1	11.9	10.9	14.1	10.4	11.0	9.1	12.3	14.7	30.5	15.3	12.4	20.5	13.6	12.2	16.7	17.7	12.9	12.8	11.8	16.8	13.6	58.4	16.5	11.6	12.3	14.3	13.5	13.8	14.5	10.4	12.1	14.2	18.3	9.0	10.4	13.6	16.2	10.4	11.5	11.0	12.0	12.5	15.0	12.1	9.7	15.5	19.7	15.1	16.3	16.8	10.9	10.5	8.6	11.6	11.3
15:3LF2_1|	20.0	10.0	10.8	13.1	16.7	10.9	11.1	12.5	12.2	12.5	11.5	31.6	7.6	11.4	100.0	9.3	19.0	20.6	18.4	13.8	10.8	11.3	29.0	29.0	5.5	19.9	7.7	28.3	11.9	35.1	11.4	10.1	8.3	10.7	20.4	12.3	9.8	10.1	11.4	9.5	12.7	7.6	11.3	8.6	11.8	10.6	27.5	14.1	21.9	8.9	18.2	7.0	9.0	29.0	13.9	20.8	13.4	10.8	10.5	11.1	19.6	12.5	7.6	21.5	6.6	30.3	10.7	11.9	11.9	12.4	11.2	11.8	16.4	22.5	14.5	23.2	26.4	19.3	11.3	6.5	10.7	17.4	11.1	12.0	9.5	10.6	13.8	9.9	25.5	11.6	8.2	27.1	9.9	9.2	20.1	13.3	9.6	6.1	7.8	13.4	11.0
16:3MJE_1|	18.1	15.6	13.9	17.9	13.4	17.6	19.9	15.1	13.3	14.5	14.0	18.6	11.8	14.5	17.4	100.0	19.8	17.1	19.5	17.5	15.6	19.5	18.7	23.7	20.1	21.0	11.8	20.1	40.4	16.7	17.2	25.6	39.0	18.6	15.8	18.0	20.0	17.0	16.3	13.9	14.2	17.0	14.1	15.6	15.0	18.8	15.6	13.1	12.7	13.1	15.5	15.9	17.2	19.7	17.9	14.6	15.4	14.0	12.1	17.3	21.0	18.3	13.6	15.9	13.5	20.9	14.0	17.7	13.5	13.4	14.7	15.3	15.5	17.0	13.5	19.5	12.1	20.0	18.7	13.2	16.4	13.2	18.0	18.6	43.6	15.8	15.2	19.9	17.8	17.6	11.9	20.2	16.0	13.4	20.1	17.1	13.8	9.2	13.8	17.0	19.2
17:3OID_1|	20.0	8.3	13.1	12.8	14.9	13.3	10.5	10.8	8.4	11.6	10.1	27.4	6.3	8.6	18.5	10.3	100.0	27.6	20.3	11.2	12.6	10.9	36.1	22.6	5.4	24.2	7.1	28.3	7.3	29.5	11.7	8.0	6.4	12.4	20.0	11.7	11.2	10.7	12.5	12.6	8.6	7.6	12.0	11.3	12.5	12.2	27.0	16.3	29.3	8.2	26.8	8.0	9.8	26.6	10.3	24.1	10.7	8.0	7.0	9.7	26.1	13.6	10.5	27.0	6.4	29.9	10.7	10.1	11.9	9.3	8.5	16.3	14.0	18.1	11.1	22.6	24.6	16.3	9.5	5.9	11.3	14.0	12.6	8.0	9.3	11.4	15.2	11.9	24.3	10.8	13.2	23.8	8.5	8.4	27.4	11.9	10.6	8.4	7.6	21.0	11.3
18:3OJF_1|	18.1	6.0	8.7	10.7	14.9	10.0	11.1	11.0	9.0	11.6	9.5	23.2	7.6	13.5	20.0	8.9	27.5	100.0	13.5	12.6	11.1	11.9	21.8	22.6	5.7	19.9	5.7	23.8	8.9	23.5	11.4	7.8	7.1	7.6	15.1	12.6	8.6	12.8	11.7	12.6	11.2	9.1	10.7	13.0	11.2	11.4	23.4	10.3	23.3	11.3	15.1	7.2	6.8	20.8	13.2	18.6	15.4	10.0	8.6	9.5	21.0	10.1	10.8	17.0	9.1	27.5	9.4	12.8	13.5	7.5	11.7	10.8	13.0	13.8	14.2	17.8	17.5	14.2	11.0	6.9	11.0	16.9	10.8	10.1	10.7	11.7	13.4	11.2	19.4	10.3	10.4	20.9	7.2	9.0	21.2	14.0	8.8	7.4	7.6	14.3	10.4
19:3P19_1|	13.6	6.9	9.7	14.6	22.1	12.1	11.4	10.2	11.7	11.9	7.0	28.1	6.5	11.4	18.5	10.5	20.9	14.0	100.0	13.8	6.9	11.6	24.6	22.9	5.5	15.7	6.7	20.4	13.5	24.3	9.6	10.6	8.4	11.4	20.8	11.4	9.0	10.4	10.2	15.6	13.6	8.9	10.4	12.6	9.7	15.5	23.0	12.5	19.4	10.7	12.7	6.2	8.7	19.3	12.3	21.5	10.4	13.1	9.2	8.9	18.5	10.1	10.2	13.8	6.8	23.8	11.0	11.3	14.5	9.3	13.6	12.8	14.0	15.9	10.4	22.2	22.9	18.3	11.0	6.7	12.2	17.8	11.1	9.4	10.7	9.5	13.8	11.5	40.1	7.8	11.3	22.4	10.4	8.7	16.7	17.8	9.0	7.6	6.4	19.6	11.3
20:3PHI_1|	14.0	10.0	9.4	9.3	9.4	11.5	11.7	9.9	10.9	9.8	10.4	13.7	7.2	9.8	14.0	9.5	11.6	13.2	13.9	100.0	11.1	29.5	14.7	10.0	5.0	10.7	6.3	13.8	8.7	14.7	11.1	8.4	5.7	11.7	12.1	8.9	8.1	10.4	9.9	11.2	10.7	8.7	11.3	13.3	10.6	14.7	11.5	12.5	12.4	8.0	12.4	10.1	9.5	11.2	16.6	9.1	11.4	7.7	9.0	9.2	10.9	10.7	10.0	11.8	7.7	15.2	11.0	10.4	13.9	10.1	8.8	13.3	14.5	12.7	13.5	11.4	12.9	10.8	12.2	7.1	10.4	14.0	9.6	6.1	9.5	11.0	10.9	11.5	13.8	11.8	13.5	9.4	10.7	11.5	10.1	12.9	10.6	8.0	7.6	15.6	13.2
21:3QWB_1|	11.3	17.0	11.0	9.3	12.7	12.4	15.1	10.2	11.7	9.8	17.6	16.7	9.7	35.4	13.6	10.5	16.3	14.4	8.6	13.8	100.0	14.2	14.7	11.1	10.8	10.0	11.0	12.6	8.7	11.2	25.3	9.1	9.0	13.1	15.8	11.4	11.0	13.7	8.5	11.2	14.2	11.0	10.4	9.3	9.0	15.5	14.8	10.9	13.4	9.3	16.5	8.9	9.5	16.2	24.8	12.0	10.7	14.2	9.4	13.2	12.3	16.8	12.3	14.5	10.0	14.8	12.3	35.8	13.9	10.8	12.3	15.3	16.9	13.0	14.9	13.1	14.3	12.5	11.3	9.5	10.7	12.8	12.9	9.9	10.1	16.5	16.7	11.9	15.0	10.8	12.9	16.6	20.5	14.6	13.2	14.7	12.0	7.6	10.2	9.8	13.5
22:3SEF_1|	14.7	8.9	8.9	12.5	13.8	10.9	11.4	11.6	14.7	13.1	13.4	13.7	8.0	15.7	12.8	11.9	12.8	14.0	13.2	33.1	12.9	100.0	14.7	18.3	7.3	15.3	7.5	20.1	13.0	12.4	14.8	9.7	6.9	13.4	14.7	14.0	13.1	13.1	9.6	11.6	11.2	10.2	12.3	12.0	12.8	10.2	11.1	14.4	16.3	8.0	14.4	8.7	11.4	12.7	13.6	17.2	11.4	10.3	10.1	11.9	15.6	15.7	11.5	17.3	8.7	9.8	11.7	13.5	11.2	10.1	11.5	12.3	13.0	13.8	11.4	16.5	10.0	14.2	11.3	7.6	11.6	14.5	10.5	10.4	11.9	12.5	10.5	9.9	15.4	10.6	12.3	19.5	15.5	9.2	15.6	12.2	10.4	8.8	9.4	12.5	13.5
23:3SJ7_1|	18.5	9.4	9.7	17.3	20.7	9.4	10.5	12.2	11.7	9.8	8.1	27.4	8.6	11.7	27.5	9.5	35.3	21.4	23.3	13.8	11.1	12.3	100.0	34.4	6.8	28.5	5.3	49.1	11.6	53.0	10.8	10.6	8.8	14.8	19.2	10.0	8.8	11.3	8.7	14.6	10.9	7.9	8.9	13.6	9.0	14.7	29.9	12.2	32.9	7.6	29.9	6.8	8.7	30.1	11.9	32.5	11.4	9.4	6.1	11.9	29.7	11.6	11.5	28.0	7.7	54.5	11.7	11.0	9.9	9.5	12.0	15.8	14.0	18.1	12.5	27.6	28.6	19.7	11.0	7.4	12.8	14.5	11.7	10.1	9.9	13.6	12.3	10.3	32.8	12.6	10.1	35.0	12.0	9.2	33.7	11.2	10.9	8.8	6.2	17.4	16.4
24:3SJU_1|	18.5	10.5	12.9	16.4	20.7	13.6	17.5	14.2	11.4	13.6	9.0	27.8	7.2	14.2	30.6	13.3	24.4	24.5	24.1	10.4	9.3	16.9	38.1	100.0	8.7	29.5	7.7	37.9	11.9	38.2	12.3	12.5	10.5	12.8	18.9	12.0	14.3	9.9	9.6	11.6	10.9	7.9	12.9	11.3	8.4	15.1	25.0	11.9	25.1	8.0	18.6	7.2	9.3	30.5	13.9	24.1	15.7	12.8	8.1	10.5	24.6	13.0	11.5	19.0	7.7	38.1	11.0	15.9	14.2	11.1	15.2	13.8	15.9	17.4	14.2	29.0	24.6	24.7	12.2	7.6	10.7	12.0	13.8	11.8	10.9	15.8	13.0	10.9	33.2	10.8	12.6	63.5	12.3	12.3	32.3	15.4	11.7	6.6	9.0	15.6	14.8
25:3SLK_1|	14.7	21.0	14.7	18.8	16.7	18.8	15.1	15.4	12.5	16.6	14.8	15.2	13.1	28.0	16.6	32.3	16.7	17.5	16.5	14.9	25.7	19.2	21.4	24.7	100.0	17.8	14.7	19.7	26.3	20.3	28.3	24.1	24.3	16.6	13.6	17.4	19.3	12.8	15.5	15.6	14.5	17.0	16.0	16.6	14.6	15.5	15.2	16.6	16.6	16.0	17.2	16.1	16.1	20.8	31.1	17.5	17.4	17.7	14.3	18.6	19.2	16.5	17.3	16.6	13.1	23.0	13.0	26.0	15.2	16.8	17.1	16.3	14.5	17.0	17.6	18.2	15.0	21.0	20.8	16.0	16.7	16.9	14.7	17.5	32.5	13.9	15.6	15.4	19.4	15.8	14.5	26.0	20.3	16.5	19.1	16.1	16.0	11.5	13.2	17.9	14.5
26:3U4C_1|	20.4	10.3	8.7	13.1	18.8	11.8	10.8	13.1	10.9	11.6	10.4	26.2	9.3	10.5	21.1	11.9	26.4	21.8	16.5	11.2	8.4	14.2	31.7	29.7	6.3	100.0	7.5	29.0	8.4	25.9	11.1	9.5	8.8	13.4	17.7	10.6	13.3	10.7	12.8	9.2	11.5	11.9	11.0	11.0	11.2	15.1	23.4	10.3	23.0	8.2	18.2	7.0	8.7	25.1	11.3	23.0	10.7	10.3	8.8	11.1	20.3	12.2	10.8	16.3	10.0	29.9	8.8	11.0	12.9	9.0	13.6	12.3	14.5	16.7	13.5	29.6	22.9	23.1	13.1	7.4	13.7	10.3	12.0	9.7	7.8	9.5	12.0	10.9	17.4	9.5	11.6	27.4	11.2	9.2	29.2	11.2	12.0	7.6	8.4	11.6	15.1
27:3ULK_1|	12.5	13.2	12.6	12.5	15.9	13.9	16.3	14.2	14.4	11.3	12.0	14.4	20.6	19.7	14.3	11.7	13.6	10.9	12.4	11.5	16.2	12.3	10.3	13.6	9.1	13.2	100.0	13.4	13.5	16.7	14.5	12.7	13.6	14.1	16.2	30.6	13.3	17.0	31.2	15.0	16.0	10.8	14.7	15.6	10.9	14.3	13.1	15.0	12.0	14.9	13.4	12.0	13.4	11.6	17.5	13.1	16.7	14.5	13.2	13.5	14.5	13.0	13.4	15.9	11.6	16.8	13.6	15.0	14.5	12.4	14.7	16.3	17.9	13.0	18.0	14.1	17.5	14.6	20.2	19.7	17.3	14.0	12.0	12.7	15.8	13.6	17.0	15.4	15.8	13.1	12.3	18.8	15.5	15.1	16.7	14.3	14.1	12.9	13.2	13.4	13.5
28:4AG3_1|	22.6	10.3	12.6	11.6	25.0	12.4	8.4	12.8	12.5	12.8	9.0	30.0	9.3	11.4	28.7	10.9	29.5	24.9	20.7	13.8	10.2	17.9	52.4	36.6	6.7	27.8	7.3	100.0	12.8	63.7	10.8	12.3	8.8	14.1	20.8	9.7	14.8	11.6	8.2	10.5	11.2	10.6	10.7	13.0	13.1	14.3	27.0	10.9	32.2	6.0	26.8	7.4	11.2	30.9	14.9	31.8	13.0	9.4	8.8	10.0	23.2	11.3	8.1	20.8	8.5	64.3	13.6	11.0	11.9	10.6	14.9	15.3	16.4	14.9	14.9	26.3	24.6	25.4	12.5	8.0	13.4	14.5	12.3	10.6	12.6	12.5	10.5	13.8	30.0	10.8	12.9	37.2	13.1	8.1	28.5	10.8	13.0	7.4	6.0	17.4	11.3
29:4HXY_1|	17.0	12.9	14.2	14.3	14.1	19.1	16.6	10.2	15.8	12.5	11.8	19.8	13.1	16.0	19.6	35.7	12.4	15.2	22.2	14.1	11.4	18.9	20.2	18.6	14.5	13.2	12.0	20.8	100.0	22.3	17.2	22.6	28.6	15.2	14.7	15.1	11.0	17.0	12.5	13.9	16.6	11.5	15.6	15.6	13.7	18.0	13.5	14.4	15.9	12.4	13.4	10.9	13.9	19.7	15.2	13.5	16.7	17.7	11.8	16.5	17.4	16.8	11.8	13.1	12.0	18.0	16.9	15.9	20.8	17.0	13.6	17.7	15.9	13.0	17.3	15.8	16.1	13.9	15.9	13.7	13.4	14.5	17.1	11.6	32.7	13.9	16.3	15.4	17.4	12.6	9.7	16.2	13.1	13.7	14.6	16.1	12.5	8.0	13.2	15.6	16.4
30:4I08_1|	20.4	7.8	12.6	11.3	23.6	10.6	12.0	11.0	10.9	9.8	10.6	30.8	8.4	12.6	33.2	8.5	28.7	23.0	22.9	13.8	8.4	10.3	52.8	34.4	6.4	23.1	8.6	59.5	12.8	100.0	10.5	10.3	8.6	9.0	22.6	8.9	8.8	11.6	8.7	10.2	13.0	6.4	10.1	11.6	12.8	15.1	27.5	9.7	29.7	5.8	27.5	6.2	10.6	29.7	11.6	31.0	11.4	10.0	7.5	10.8	27.2	10.4	9.7	22.1	8.1	81.1	12.0	8.6	12.5	9.5	10.4	10.8	12.6	21.4	15.2	23.9	26.1	21.4	13.5	8.8	10.7	13.6	12.6	5.7	8.4	9.5	9.8	12.5	28.7	10.8	9.7	36.5	6.9	9.2	27.8	16.1	12.0	6.1	7.4	17.9	8.8
31:4IDD_1|	13.6	18.5	11.8	14.3	14.1	9.4	11.1	11.6	12.2	12.5	18.2	12.5	11.4	28.3	14.3	11.5	15.1	14.8	12.0	13.8	25.1	16.2	14.3	14.7	11.8	13.2	9.8	13.4	13.0	13.9	100.0	10.8	11.6	14.1	14.0	12.6	10.2	15.5	10.8	10.2	10.4	10.8	9.8	14.6	12.1	14.7	13.1	11.3	13.4	8.4	14.4	11.3	9.8	16.2	31.1	18.6	14.7	19.4	10.1	10.8	14.9	22.3	9.2	11.8	8.7	10.2	14.9	22.0	12.9	9.5	14.7	13.3	17.4	14.5	12.5	14.1	13.2	18.3	14.4	9.7	11.9	17.4	12.6	12.0	12.8	13.9	15.6	17.0	12.6	9.5	13.8	12.3	31.2	14.3	13.5	13.6	11.7	10.2	9.4	11.6	13.2
32:4J1Q_1|	10.9	12.3	13.6	20.0	13.8	14.5	15.7	14.0	14.1	15.7	13.7	14.1	11.8	11.7	17.7	24.0	14.3	14.0	18.4	14.5	12.6	14.9	19.4	20.8	14.1	15.7	12.0	21.2	24.0	19.1	15.1	100.0	16.0	12.4	16.2	13.1	19.5	14.3	13.4	13.3	16.6	15.3	12.3	13.3	16.5	9.8	13.5	11.3	19.1	12.4	15.1	12.4	11.4	19.7	13.9	19.0	13.0	13.7	10.3	12.2	15.9	13.9	13.4	14.2	12.4	18.9	14.9	13.5	14.5	10.8	16.5	15.3	17.9	14.5	17.3	19.9	17.9	19.0	12.8	10.5	17.0	18.2	12.3	13.2	19.5	14.3	13.0	13.1	19.4	11.8	12.9	19.5	14.7	13.2	19.8	13.6	13.3	10.0	11.6	16.5	12.6
33:4L4X_1|	16.6	18.3	14.7	14.9	12.7	18.2	16.9	12.8	15.5	13.9	14.6	18.3	16.6	18.5	18.1	45.6	14.3	16.0	18.4	12.3	15.6	13.2	20.2	21.9	17.7	18.1	16.1	19.0	37.9	19.9	20.2	20.0	100.0	14.8	18.5	18.3	19.0	16.1	14.3	16.0	15.4	18.5	14.1	13.0	15.9	16.3	16.0	14.7	14.5	14.4	14.4	13.0	13.6	18.5	19.2	19.3	15.4	16.2	16.7	13.5	16.3	20.0	13.6	18.0	13.7	20.5	15.3	17.4	15.5	14.9	20.3	18.7	15.9	19.2	16.3	21.2	12.5	24.1	17.7	17.2	17.0	14.0	15.6	16.5	42.4	17.6	15.9	17.3	22.3	20.1	13.8	27.1	14.4	14.6	20.8	19.2	16.2	10.0	13.2	17.4	15.4
34:4OQY_1|	15.1	11.8	11.0	12.8	11.2	11.2	10.8	12.2	13.3	17.5	12.9	12.5	9.7	12.3	11.7	10.9	14.0	8.6	12.4	12.6	11.4	12.9	17.1	13.3	6.0	13.9	8.4	15.2	10.0	10.4	12.3	7.8	7.4	100.0	12.1	14.3	9.5	12.2	10.5	12.6	9.5	9.1	14.1	11.6	12.5	16.7	13.5	12.2	10.6	9.3	14.4	9.7	12.5	12.4	15.2	13.5	10.7	8.0	9.9	10.0	14.1	11.3	10.5	13.5	13.3	10.7	11.4	12.2	10.6	10.1	11.5	12.3	15.0	10.9	18.0	13.5	11.4	12.9	14.1	9.4	14.0	13.6	13.2	10.4	10.7	13.2	13.4	10.9	14.6	10.3	15.7	9.4	11.2	13.4	10.4	12.9	9.8	8.6	6.8	21.9	9.4
35:4P38_1|	16.6	10.3	8.9	13.1	75.0	8.2	9.3	9.3	11.4	10.4	11.8	19.4	8.4	11.7	20.4	8.5	20.5	15.6	20.7	11.9	12.6	12.9	20.2	17.9	4.5	16.7	8.8	20.4	8.9	23.9	11.1	9.3	8.4	11.0	100.0	12.0	9.8	9.3	11.7	10.5	11.5	6.4	10.4	12.3	7.8	12.2	22.1	10.9	17.7	8.4	14.4	6.4	12.3	20.5	12.9	19.3	14.0	12.8	8.6	10.0	15.6	9.3	9.7	13.1	7.7	23.4	10.1	9.8	11.9	10.1	10.4	15.8	10.6	16.7	9.7	19.5	21.8	67.1	12.2	8.2	13.4	13.6	11.7	9.0	9.3	15.0	12.0	12.5	30.0	9.8	11.0	20.6	12.3	10.1	14.6	12.2	8.0	6.4	6.2	14.3	8.2
36:4TSK_1|	15.5	13.6	13.9	11.9	12.0	13.3	10.8	11.0	10.1	11.0	10.6	15.6	20.0	12.9	16.2	12.7	15.9	17.1	15.0	11.5	12.0	16.2	13.9	15.1	7.7	13.2	21.8	12.6	12.1	12.4	13.3	9.9	11.0	17.2	15.8	100.0	9.8	12.2	53.9	18.4	12.7	8.5	12.9	13.3	10.6	12.7	12.7	12.8	15.5	11.6	12.7	10.1	10.9	15.8	16.6	12.4	12.4	12.8	10.5	12.2	15.2	10.4	12.6	15.9	11.6	12.3	11.0	12.2	13.2	12.9	11.7	13.8	13.0	13.0	17.0	16.5	12.5	10.8	12.5	19.3	14.9	14.0	12.0	9.9	11.7	13.2	13.8	12.2	16.2	13.3	10.4	15.2	12.8	14.6	19.1	12.6	13.3	8.8	8.8	14.3	15.1
37:4U7W_1|	18.1	13.4	15.7	17.0	12.3	15.5	13.0	19.2	13.3	15.7	14.8	18.3	11.2	16.6	15.5	16.9	18.2	14.0	14.3	12.6	13.8	18.2	14.7	21.5	10.2	19.9	11.4	23.0	10.5	14.7	13.0	17.7	13.8	13.8	15.5	11.7	100.0	16.4	15.7	13.6	13.9	14.2	14.7	14.0	19.0	12.2	16.0	11.6	11.7	11.8	16.2	10.5	12.8	15.1	15.9	15.0	20.4	12.8	10.1	17.0	14.9	14.2	12.1	16.3	11.6	14.8	13.3	15.9	12.5	11.6	17.3	12.8	17.4	16.3	18.0	15.2	16.8	15.3	13.1	11.8	14.9	16.5	14.1	14.6	13.6	12.8	18.8	14.1	17.0	14.1	14.8	25.3	12.5	12.9	21.2	17.1	13.3	10.5	9.6	17.0	16.4
38:4XB1_1|	16.6	13.4	10.8	16.1	10.5	11.2	14.5	14.0	11.4	11.0	9.2	13.3	8.4	15.1	12.8	11.5	14.0	16.7	13.2	13.0	13.8	14.6	15.1	11.8	5.4	12.8	11.6	14.5	13.0	15.5	15.7	10.3	9.3	14.1	11.7	11.7	13.1	100.0	10.5	13.9	13.0	9.8	8.6	13.0	12.5	12.2	13.9	10.9	12.0	10.0	13.7	9.9	14.2	13.5	14.6	11.7	12.4	11.4	12.1	12.2	12.0	15.9	8.7	14.9	9.5	12.3	11.7	13.5	16.2	10.3	17.1	13.8	14.5	13.0	12.1	16.8	12.5	15.3	12.2	9.0	15.2	17.4	11.7	12.0	9.5	14.3	15.2	12.8	10.9	16.1	12.6	13.0	13.3	11.8	16.0	12.2	10.9	12.9	8.6	17.0	20.4
39:4XDZ_1|	14.0	10.0	15.5	13.4	15.6	10.0	12.0	11.0	12.8	15.1	13.2	17.9	16.8	14.8	14.7	11.3	16.7	15.6	13.2	12.6	8.7	10.9	11.9	11.8	6.7	15.7	21.8	10.4	9.8	12.0	11.1	9.9	8.4	12.4	15.1	52.9	12.9	10.7	100.0	12.2	15.1	10.0	14.7	14.3	11.8	15.1	13.9	14.4	14.5	10.9	13.7	10.1	11.2	12.0	15.9	13.1	13.0	11.1	9.9	9.2	13.4	11.0	10.5	14.5	9.3	12.7	11.0	12.2	13.2	9.0	12.0	16.7	14.5	15.6	16.3	15.2	16.4	15.3	14.1	16.4	14.3	13.6	12.3	10.4	8.4	13.2	15.6	11.9	16.2	9.8	13.8	17.3	13.1	9.0	11.5	14.7	12.0	10.0	9.0	14.7	16.4
40:4YCA_1|	13.6	9.2	13.9	10.1	10.9	9.1	11.1	10.5	9.5	12.5	9.0	13.3	8.2	9.2	10.6	8.3	14.3	14.4	17.3	12.3	9.9	11.3	17.1	12.2	5.8	9.6	9.0	11.5	9.4	12.0	9.0	8.4	8.1	12.8	11.7	15.4	9.5	12.2	10.5	100.0	12.4	7.4	10.7	11.0	12.5	11.4	10.2	12.2	11.3	8.2	13.1	7.8	10.9	15.8	9.6	14.6	9.4	9.1	9.6	10.0	10.5	12.8	10.5	12.1	7.3	12.3	6.8	14.1	11.2	11.1	9.9	9.9	15.0	14.9	14.5	10.8	11.4	10.2	9.2	6.9	14.3	12.8	13.8	10.8	7.6	14.7	17.4	11.2	17.0	8.5	13.2	12.6	10.7	10.1	9.7	12.2	10.1	7.4	8.4	12.5	18.6
41:5FB3_1|	14.7	10.7	13.9	12.8	12.0	13.3	19.0	11.0	12.8	11.6	13.2	14.8	8.4	14.2	16.2	9.7	11.2	14.8	17.3	13.4	14.4	12.6	14.7	13.3	6.2	13.9	11.0	14.1	12.8	17.5	10.5	12.1	9.0	11.0	14.7	12.3	11.2	13.1	14.9	14.3	100.0	8.5	16.0	16.6	14.0	11.8	11.5	11.3	14.8	9.8	13.4	9.3	10.9	13.9	14.2	14.6	16.1	13.7	12.3	11.1	12.3	11.0	12.6	14.2	9.8	13.9	13.6	13.1	16.2	12.4	12.3	14.8	14.0	13.4	18.3	15.8	14.6	12.5	12.2	9.4	12.8	13.6	13.5	10.8	11.3	16.1	11.2	13.5	16.2	9.8	11.9	12.3	10.1	12.9	13.5	15.7	13.0	10.7	9.4	14.7	13.8
42:5GUD_1|	13.6	14.3	10.8	14.6	12.0	10.9	13.3	14.8	13.9	19.0	16.8	15.2	11.6	15.1	13.6	16.1	14.0	16.7	15.8	15.2	15.6	15.9	14.7	13.3	10.1	19.9	10.4	18.6	12.3	12.0	15.4	15.5	15.0	14.8	11.3	11.4	16.0	13.7	13.7	11.9	11.8	100.0	12.3	15.3	13.1	12.2	12.3	14.7	12.4	10.7	14.4	11.8	11.7	15.4	17.5	12.8	13.4	17.1	13.6	15.1	15.6	14.2	13.6	15.6	14.1	12.3	16.6	14.7	18.8	14.2	14.4	15.3	17.9	17.4	13.5	16.5	14.3	17.3	15.6	13.0	14.3	14.5	14.4	13.9	14.0	14.3	16.7	15.7	13.8	16.1	13.8	19.1	15.2	13.7	15.6	11.9	13.6	11.5	23.8	12.1	14.2
43:5GZ6_1|	9.1	10.5	10.5	10.7	10.9	15.8	14.2	14.5	14.4	10.7	11.5	16.0	7.8	10.8	14.0	9.3	15.1	13.6	12.8	13.8	10.2	13.2	11.5	15.1	6.5	12.8	9.8	13.0	11.6	13.1	9.6	8.6	7.9	15.9	12.8	12.0	11.4	8.4	14.0	11.9	15.4	8.5	100.0	13.6	15.0	18.4	14.3	45.0	10.6	13.1	12.7	9.7	11.7	16.2	13.6	13.5	10.7	14.0	12.3	12.7	12.7	12.2	13.1	12.8	12.2	12.7	13.0	11.9	13.2	12.9	12.8	15.8	15.9	13.4	16.3	12.5	13.9	11.5	13.5	8.0	12.2	16.5	16.8	11.1	8.0	12.8	11.2	12.2	15.4	9.8	9.7	14.8	11.2	11.5	11.8	15.7	9.8	8.8	10.0	13.4	12.3
44:1A4I_1|	11.7	10.3	12.1	11.3	14.1	12.1	11.7	10.2	8.7	13.1	11.8	11.0	10.5	10.8	9.8	9.5	13.2	15.2	14.3	14.9	8.4	11.9	16.3	12.2	6.3	11.7	9.6	14.5	10.7	13.9	13.3	8.6	6.7	12.1	14.0	11.4	10.0	11.6	12.5	11.2	14.8	9.8	12.6	100.0	11.8	14.7	11.9	11.9	13.8	10.9	11.3	6.4	12.5	15.4	11.6	14.6	14.0	11.1	8.3	9.5	9.1	12.8	10.8	9.3	8.7	14.8	11.0	13.8	11.6	10.8	12.5	12.3	16.4	14.1	13.8	12.8	11.8	9.5	13.1	8.8	10.7	10.7	14.4	10.4	8.6	12.5	10.9	12.8	14.6	11.1	9.7	15.9	12.3	10.4	11.8	9.4	12.2	8.4	9.2	12.9	8.5
45:1BSV_1|	11.3	8.9	12.3	15.5	15.6	13.3	11.1	14.0	10.1	10.7	10.6	13.7	8.8	14.2	14.3	9.7	15.5	14.0	11.7	12.6	8.7	13.6	11.5	9.7	5.9	12.8	7.1	15.6	10.0	16.3	11.7	11.4	8.8	13.8	9.4	9.7	14.5	11.9	11.1	13.6	13.3	8.9	14.7	12.6	100.0	22.9	16.0	12.8	12.0	12.9	13.4	10.5	10.6	11.6	12.6	13.1	14.4	12.5	10.1	14.1	14.9	14.5	10.2	12.8	9.8	14.3	9.7	8.9	12.2	13.9	13.9	13.3	16.4	16.7	12.5	11.4	11.1	11.9	10.4	7.6	11.3	14.0	12.0	10.4	10.3	18.3	13.8	12.2	15.4	10.8	12.9	13.0	7.5	12.3	14.2	14.0	9.8	9.6	7.6	15.6	11.9
46:1C3V_1|	13.6	8.3	8.9	13.1	15.6	13.9	9.0	10.8	11.4	12.8	11.5	11.8	7.8	11.4	9.8	9.3	11.6	10.9	14.3	13.4	11.4	8.3	14.3	13.3	4.8	13.2	7.1	13.0	10.0	14.7	10.8	5.2	6.9	14.1	11.3	8.9	7.1	9.0	10.8	9.5	8.6	6.4	13.8	12.0	17.4	100.0	10.2	15.3	11.0	8.2	12.7	7.8	11.7	10.4	14.9	12.0	12.7	13.4	11.0	9.2	14.5	12.8	6.3	14.9	7.3	12.3	10.1	12.2	10.2	8.2	9.1	12.8	13.0	13.0	11.8	10.8	11.1	10.2	12.8	8.6	8.4	11.6	9.6	7.8	9.1	15.0	12.7	12.5	11.3	12.6	11.9	10.5	11.2	13.4	14.2	11.2	11.2	5.9	7.2	14.3	11.9
47:1CYD_1|	22.6	7.1	9.4	13.1	19.6	7.6	11.7	11.0	10.1	8.3	8.1	27.4	6.5	8.9	25.3	7.7	25.6	22.2	21.1	10.4	10.8	8.9	29.0	21.9	4.7	20.3	6.5	24.5	7.5	26.7	9.6	7.1	6.7	11.4	20.4	8.9	9.3	10.1	9.9	8.5	8.3	6.4	10.7	9.6	12.1	10.2	100.0	10.9	25.1	8.9	19.2	6.6	10.4	28.6	12.3	26.6	8.4	10.0	8.1	9.5	23.6	8.7	8.7	25.6	7.1	28.7	11.4	9.2	11.2	8.2	8.8	11.8	10.6	14.5	11.8	24.9	25.7	19.7	11.9	6.5	10.4	12.4	9.3	9.9	9.1	11.4	12.0	10.9	21.5	10.1	14.8	25.6	8.5	8.7	22.2	10.1	9.6	7.0	7.8	11.6	11.3
48:1DAP_1|	11.3	12.3	11.3	13.1	13.8	11.8	14.2	12.5	13.0	11.3	9.0	13.3	9.9	10.8	17.0	8.5	20.2	12.8	15.0	14.9	10.5	15.2	15.5	13.6	6.7	11.7	9.8	13.0	10.5	12.4	10.8	7.8	8.1	13.4	13.2	11.7	8.8	10.4	13.4	13.3	10.7	10.0	44.2	12.6	12.8	20.0	14.3	100.0	11.0	11.3	12.0	8.5	13.4	14.3	12.3	14.6	14.0	10.3	9.9	11.4	12.7	13.3	10.2	10.7	9.8	13.5	9.1	11.9	14.9	12.6	11.5	11.8	11.6	14.5	12.8	14.8	17.5	11.5	15.6	9.7	9.9	12.8	12.9	10.4	10.7	13.6	10.1	10.9	14.2	13.6	12.3	12.6	11.7	9.5	10.4	16.4	10.4	7.0	7.8	14.3	7.5
49:1DOH_1|	20.8	9.6	12.1	10.4	19.2	8.2	13.9	11.6	11.1	12.5	8.4	21.3	8.4	12.3	23.4	7.3	32.2	25.7	20.7	13.0	11.4	15.2	36.9	25.4	5.9	23.1	6.9	33.8	10.3	33.5	11.4	11.6	7.1	10.3	18.9	12.6	7.9	10.1	12.0	10.9	12.4	7.4	9.2	13.0	10.6	12.7	29.1	9.7	100.0	8.2	14.1	7.4	8.2	32.4	12.3	44.5	15.1	10.5	9.0	10.3	18.1	12.8	7.9	13.5	8.5	32.8	14.3	10.7	9.6	9.3	13.3	14.8	18.4	16.3	14.2	24.2	23.6	18.3	13.8	9.2	11.6	14.0	12.6	10.4	9.7	14.3	12.3	10.3	23.1	9.3	11.3	28.5	11.5	12.6	19.8	10.5	8.5	7.6	10.0	18.3	10.4
50:1E5Q_1|	14.3	11.4	13.6	14.0	13.0	12.1	12.7	12.2	13.0	17.2	13.2	12.2	11.4	14.5	15.1	11.9	14.3	19.8	18.0	13.4	12.6	11.9	13.5	12.9	9.1	13.2	13.6	10.0	12.8	10.4	11.4	12.1	11.2	14.5	14.3	14.9	12.6	13.4	14.3	12.6	13.0	10.2	18.1	16.3	18.1	15.1	16.4	15.9	13.1	100.0	13.7	12.8	16.1	13.9	14.2	14.6	12.4	17.7	13.4	10.8	14.5	13.9	13.9	13.5	13.1	11.5	12.3	15.6	12.2	13.9	14.1	13.8	18.4	13.8	16.6	13.1	16.8	10.5	13.5	11.3	10.7	14.5	14.1	12.7	11.9	15.0	14.5	12.5	14.6	12.6	16.0	15.5	13.3	16.2	14.9	12.6	12.5	12.1	11.6	15.6	18.6
51:1E7W_1|	19.2	10.3	12.9	14.9	10.9	12.4	10.8	11.9	8.4	11.6	10.9	28.5	6.9	9.8	20.0	9.1	30.2	17.1	13.9	13.4	14.4	13.9	34.5	19.4	6.3	18.9	7.9	29.0	8.9	31.9	12.7	9.5	7.2	14.5	15.8	10.6	11.2	11.9	11.7	12.9	11.5	8.9	11.3	11.0	12.1	15.1	23.0	10.9	14.5	8.9	100.0	8.2	9.5	25.9	14.2	16.1	9.7	15.1	8.3	8.9	49.6	11.3	8.1	80.3	6.6	32.4	10.1	13.8	11.6	9.5	10.4	16.7	15.5	12.7	14.5	16.8	22.5	12.9	10.7	8.4	15.8	10.7	10.2	9.4	11.1	13.9	14.9	10.9	18.6	9.3	10.4	18.1	10.9	10.4	47.6	16.8	11.4	8.0	8.2	16.5	13.5
52:1E7Y_1|	15.5	12.9	13.4	17.0	12.3	10.6	13.0	12.8	14.1	13.4	12.6	14.8	12.0	13.5	12.8	15.5	15.1	13.6	11.3	18.2	12.9	13.9	13.1	12.5	9.8	12.1	11.8	13.4	12.1	12.0	16.6	12.9	10.9	16.2	11.7	14.0	12.1	14.3	14.3	12.9	13.3	12.1	14.4	10.3	15.9	15.5	13.1	12.8	12.7	13.8	13.7	100.0	11.2	13.5	16.6	14.2	17.1	15.4	16.0	12.4	13.0	12.5	16.3	14.2	14.3	18.4	13.3	11.6	14.5	14.7	12.5	20.7	17.4	14.9	15.9	14.1	12.5	16.6	14.7	11.8	14.0	13.2	13.8	14.9	13.6	13.6	12.3	15.7	17.8	11.3	14.5	14.4	14.1	15.4	12.8	16.8	14.1	10.7	12.8	15.6	17.3
53:1GL3_1|	14.7	11.2	13.4	14.6	14.1	16.1	12.7	10.8	10.9	11.9	15.4	11.8	10.9	13.8	12.5	12.7	14.0	9.7	12.0	13.0	10.5	13.9	12.7	12.2	7.4	11.4	10.0	15.2	11.6	15.5	10.8	9.1	8.6	15.9	17.0	11.4	11.2	15.5	12.0	13.6	11.8	9.1	13.2	15.3	12.1	17.6	15.6	15.3	10.6	13.1	12.0	8.5	100.0	10.8	12.9	14.6	13.7	11.7	12.7	65.4	11.6	13.3	12.6	11.8	12.4	13.9	12.7	10.4	16.2	12.9	11.7	12.8	13.5	15.2	17.0	10.8	12.1	15.6	16.8	10.3	15.5	14.0	14.1	10.6	12.1	14.3	15.6	15.7	11.7	12.6	16.0	16.2	11.2	10.9	11.5	12.9	11.4	8.8	9.4	18.3	12.6
54:1IPE_1|	21.1	7.6	11.3	11.0	21.0	9.4	13.0	10.2	8.2	8.9	8.7	29.3	7.2	11.7	28.3	10.3	26.7	21.0	18.8	10.8	12.6	10.9	31.0	28.3	6.8	23.1	6.1	29.7	11.6	30.7	12.7	11.0	8.3	11.0	20.0	11.7	9.3	10.4	9.0	13.9	10.7	8.5	12.9	13.3	9.3	11.0	30.3	11.6	29.7	8.0	23.0	7.2	7.6	100.0	11.6	23.7	12.4	10.5	6.6	10.5	26.1	9.9	7.9	22.8	6.8	30.7	14.0	11.0	12.9	9.3	9.3	18.7	9.7	19.6	10.4	26.9	27.5	18.3	9.5	9.7	11.6	13.6	12.9	10.8	9.5	10.3	14.1	11.2	28.3	10.1	14.2	27.4	9.3	8.4	26.4	11.2	11.2	8.6	5.8	17.4	12.3
55:1IYZ_1|	10.6	16.5	11.0	13.4	13.4	13.3	14.2	11.6	15.8	13.1	16.5	13.7	8.4	28.3	15.8	10.9	12.0	15.6	13.9	18.6	22.5	13.6	14.3	15.1	11.8	12.1	10.8	16.7	10.5	13.9	28.3	9.1	10.0	15.9	14.7	14.3	11.4	13.1	14.0	9.9	12.7	11.3	12.6	11.6	11.8	18.4	15.2	11.6	13.1	9.6	14.8	10.3	10.6	13.5	100.0	13.1	14.0	16.2	13.6	11.4	15.9	22.3	11.0	13.8	8.9	14.3	12.0	25.1	19.1	13.4	9.6	11.8	18.4	15.6	18.7	9.8	11.1	10.8	13.1	7.8	12.5	12.8	12.6	10.8	11.5	9.9	13.8	13.5	13.0	12.3	13.5	15.9	23.2	19.6	15.3	12.6	12.8	8.4	8.8	16.5	16.4
56:1JA9_1|	21.5	9.2	11.8	12.2	18.5	13.9	13.0	10.8	11.4	12.2	9.5	23.2	9.3	12.9	21.5	8.1	25.6	19.8	22.2	9.3	9.9	15.6	35.3	23.7	6.0	22.4	7.3	32.3	8.4	33.9	15.4	11.2	9.1	12.8	20.0	9.7	9.8	9.6	10.5	13.6	11.8	7.4	11.3	13.3	11.2	13.5	29.9	12.5	43.1	8.9	15.1	8.0	10.9	25.1	11.9	100.0	15.1	12.3	11.2	12.2	20.7	11.9	10.8	14.5	9.1	30.7	10.7	12.2	13.5	9.0	11.5	14.3	16.9	19.6	11.1	24.9	21.8	20.0	9.8	8.6	10.7	14.9	14.1	8.5	10.5	9.5	10.5	11.9	22.7	9.3	8.8	27.4	9.1	9.0	20.5	15.4	10.9	6.4	8.4	21.0	11.0
57:1KC1_1|	16.2	10.9	13.1	15.8	14.5	12.1	16.0	14.5	10.6	13.1	9.2	12.9	6.5	11.4	15.1	9.3	12.4	17.9	11.7	12.6	9.6	11.3	13.5	16.8	6.5	11.4	10.2	14.5	11.4	13.5	13.3	8.4	7.9	11.0	15.8	10.6	14.5	11.0	11.4	9.5	14.2	8.5	9.8	14.0	13.4	15.5	10.2	13.1	15.9	8.2	10.0	10.5	11.2	14.3	13.9	16.4	100.0	10.8	9.4	11.4	13.8	13.9	10.5	12.1	10.4	10.2	9.4	11.6	14.2	9.8	10.9	10.8	13.0	14.9	10.7	12.8	16.1	11.9	14.7	6.7	10.4	14.9	12.6	9.7	10.1	33.0	11.2	14.7	13.4	11.3	12.9	14.1	9.6	10.9	11.8	14.3	12.8	9.2	8.4	14.3	15.1
58:1KEV_1|	14.0	11.8	11.0	11.3	13.0	14.2	13.3	11.0	14.7	12.8	14.8	16.7	9.3	22.2	14.3	9.9	10.9	13.6	17.3	10.0	15.0	11.9	13.1	16.1	7.8	12.8	10.4	12.3	14.2	13.9	20.5	10.3	9.8	9.7	17.0	12.9	10.7	11.9	11.4	10.9	14.2	12.7	15.0	13.0	13.7	19.2	14.3	11.3	13.1	13.8	18.2	11.1	11.2	14.3	18.9	15.7	12.7	100.0	11.0	12.2	15.9	15.9	11.0	15.9	10.8	18.0	12.0	17.7	12.2	10.8	11.2	14.8	14.5	15.9	13.1	16.2	14.6	15.9	13.8	9.4	15.2	12.0	11.4	13.7	9.7	14.7	13.0	13.8	14.6	12.3	11.6	15.5	14.4	21.3	16.0	13.3	8.8	8.4	10.0	15.2	17.3
59:1LQU_1|	14.0	14.5	13.1	11.6	11.6	15.5	13.9	14.8	18.5	13.1	14.6	14.1	13.3	19.1	18.1	11.1	12.4	15.2	15.8	15.2	12.9	15.2	11.1	13.3	8.2	14.2	12.2	14.9	12.3	13.5	13.9	10.1	13.1	15.5	14.7	13.7	11.0	16.4	13.1	15.0	16.6	13.2	17.2	12.6	14.3	20.4	15.2	14.1	14.5	13.6	13.1	15.1	15.8	11.6	20.5	18.6	14.4	14.2	100.0	12.2	14.9	15.1	12.3	10.7	11.0	15.6	14.3	15.6	15.8	12.4	13.6	14.3	13.5	12.7	15.2	15.2	16.8	12.9	15.0	13.7	13.4	16.9	13.2	12.5	11.5	12.8	16.7	15.4	14.2	12.8	13.5	18.8	15.7	13.4	11.5	14.0	16.8	8.4	14.0	17.4	14.2
60:1MB4_1|	15.1	10.9	13.6	14.3	14.1	13.6	13.0	9.3	10.9	11.9	16.0	15.2	10.5	13.8	15.5	12.9	14.0	13.6	12.4	12.6	14.7	14.6	17.5	14.0	8.7	14.6	10.2	13.8	13.9	15.9	12.0	9.7	8.6	12.8	14.0	12.9	15.0	13.4	9.9	12.6	12.1	11.9	14.4	11.6	16.2	13.9	14.3	13.1	13.4	8.9	11.3	9.5	65.9	15.1	13.9	16.4	14.0	12.8	9.9	100.0	14.9	13.6	12.9	12.8	12.0	16.4	13.0	11.6	10.9	13.9	13.3	14.3	16.9	14.5	16.3	12.8	14.6	16.3	13.8	10.3	12.2	13.2	12.9	10.8	11.7	12.8	12.7	14.4	16.2	13.6	13.2	14.4	12.8	12.6	13.5	14.0	11.2	10.7	9.6	13.4	11.6
61:1MXF_1|	20.4	11.6	10.0	13.7	14.9	11.2	11.4	11.6	9.2	11.9	9.8	24.3	6.3	14.2	20.4	11.7	27.9	22.6	19.2	11.2	10.2	14.2	32.5	24.4	6.7	19.9	8.1	23.8	11.0	29.9	12.3	9.5	7.8	13.4	16.2	12.0	9.8	9.9	10.8	9.9	10.1	9.1	10.7	8.3	12.8	16.3	26.6	10.9	17.7	8.9	47.1	7.4	8.7	27.8	14.6	20.8	12.7	12.5	9.0	11.1	100.0	14.2	9.2	48.4	9.5	30.3	11.7	11.9	11.2	9.0	13.1	15.3	13.0	15.2	12.5	18.9	25.7	18.0	12.8	6.7	11.6	11.6	8.4	9.4	7.2	11.0	9.4	12.2	23.9	11.1	13.2	27.8	9.6	10.9	55.6	13.3	12.2	7.2	7.6	16.1	11.0
62:1O8C_1|	17.0	15.2	11.0	14.9	14.9	13.3	13.6	14.2	11.4	11.3	16.5	12.5	8.8	18.8	16.2	12.7	18.2	13.6	13.2	13.8	17.4	17.9	15.9	16.1	7.2	14.9	9.2	14.5	13.2	14.3	23.2	10.3	11.9	13.4	12.1	10.3	11.7	16.4	11.1	15.0	11.2	10.4	12.9	14.6	15.6	18.0	12.3	14.4	15.5	10.7	13.4	8.9	12.5	13.1	25.5	15.0	16.1	15.7	11.4	12.7	17.8	100.0	11.0	13.8	10.6	15.6	11.4	15.9	13.9	9.0	14.1	13.8	14.5	14.5	17.3	17.5	12.9	17.6	14.1	8.8	11.6	14.5	12.3	13.2	11.7	9.2	15.6	13.1	13.8	12.1	13.8	14.1	18.7	16.8	13.2	12.9	11.2	9.4	9.2	14.3	15.4
63:1OFG_1|	14.7	14.1	12.1	12.5	12.3	12.1	25.9	12.5	10.6	14.8	11.5	11.4	9.3	15.1	10.9	10.5	15.5	16.0	14.7	14.1	14.1	14.6	17.5	15.8	8.3	14.6	10.4	11.5	10.3	14.7	10.5	11.0	9.0	13.8	14.0	13.7	11.0	9.9	11.7	13.6	14.2	11.0	15.3	13.6	12.1	9.8	13.5	12.2	10.6	11.8	10.7	12.8	13.1	11.6	13.9	15.0	13.4	12.0	10.3	13.2	12.7	12.2	100.0	13.5	10.8	13.9	11.0	14.1	11.9	11.1	7.7	13.8	16.4	12.7	11.1	12.5	10.7	12.9	15.6	9.9	13.1	15.3	15.3	12.3	10.9	16.8	13.4	10.9	13.8	11.3	10.7	10.1	11.2	11.5	10.8	15.0	9.0	7.4	10.4	15.2	11.0
64:1P33_1|	16.2	10.0	13.6	9.0	12.7	11.2	9.6	11.3	10.6	11.0	11.5	22.4	8.6	11.4	23.4	9.3	30.2	19.1	15.0	12.6	12.6	16.6	32.1	19.7	6.0	16.7	9.4	22.3	8.7	25.5	10.2	8.8	9.0	13.4	14.3	13.1	11.2	12.8	12.2	11.9	12.1	9.6	11.3	9.0	11.5	17.6	30.3	9.7	13.8	8.7	79.7	8.5	9.3	25.5	13.2	15.3	11.7	13.1	6.8	10.0	50.7	11.6	10.2	100.0	9.1	30.7	10.1	12.2	12.2	11.6	12.0	10.3	13.5	13.4	12.5	16.8	23.2	12.9	11.6	7.6	15.5	12.0	9.9	9.9	8.0	15.4	14.5	12.2	18.6	10.1	11.6	16.6	9.6	10.6	47.9	15.7	11.2	8.0	8.0	18.8	11.6
65:1PGO_1|	12.1	14.3	11.5	14.6	14.5	14.5	13.9	11.6	15.8	13.4	14.0	14.8	11.0	17.5	12.1	13.1	12.0	17.1	12.4	13.8	14.4	13.9	14.7	13.3	7.9	17.1	11.4	15.2	13.2	15.5	12.7	12.9	11.4	22.1	14.0	16.0	13.3	13.7	13.1	11.9	13.9	14.4	18.1	14.0	14.6	14.3	13.9	14.7	14.5	14.0	11.0	14.2	16.3	12.7	14.2	16.1	16.7	14.8	11.6	15.7	16.7	14.8	13.6	15.2	100.0	15.2	12.7	17.7	14.5	16.0	14.9	18.7	15.5	14.5	21.5	13.5	18.2	12.5	13.8	11.6	13.4	14.5	15.3	12.3	11.9	11.0	15.2	13.1	13.4	15.3	16.0	11.2	15.5	16.5	12.2	12.6	14.9	9.4	13.6	13.4	14.8
66:1Q7C_1|	20.4	7.4	11.3	12.5	23.6	11.5	11.1	10.5	9.8	10.7	9.0	30.8	8.4	12.6	27.9	10.3	28.3	26.1	21.8	13.8	10.8	7.9	52.8	33.3	7.0	26.0	8.4	58.4	10.0	78.9	7.5	9.9	8.6	9.0	21.5	8.6	8.6	9.0	9.0	10.2	10.1	6.4	9.5	12.0	10.9	12.2	28.7	10.3	28.3	6.2	27.1	9.3	9.3	29.0	11.6	27.4	8.4	12.5	8.3	10.8	26.8	11.0	8.9	26.0	7.7	100.0	11.0	11.0	9.6	8.5	10.9	10.3	14.0	18.5	14.2	23.2	25.7	20.0	12.2	9.0	10.1	9.5	9.9	5.9	10.5	15.0	12.0	10.3	30.0	8.8	7.2	33.9	6.7	10.1	27.4	12.2	12.0	5.7	6.0	18.8	12.6
67:1QFZ_1|	10.2	9.4	10.5	11.9	13.4	12.4	10.8	10.5	12.8	12.5	9.2	14.4	8.0	12.9	12.5	8.7	12.8	11.3	12.8	12.6	11.4	11.9	14.3	12.2	5.0	9.6	8.6	15.6	11.9	14.7	13.9	9.9	8.1	12.1	11.7	9.7	9.8	10.7	9.9	7.1	12.4	10.8	12.3	11.3	9.3	12.7	14.3	8.8	15.5	8.4	10.7	8.5	10.6	16.6	12.3	12.0	9.7	10.5	9.6	10.8	13.0	10.1	8.9	10.7	8.1	13.9	100.0	10.7	12.2	8.2	8.8	15.3	15.0	13.0	13.1	11.4	12.9	11.2	13.1	7.8	10.7	17.4	12.0	11.3	6.8	13.6	14.9	12.5	13.8	11.1	12.9	13.4	10.4	14.3	10.1	9.1	10.9	9.0	8.2	9.8	10.1
68:1QOR_1|	14.3	17.9	12.1	14.6	15.2	12.7	11.4	12.2	11.7	12.5	15.4	11.8	8.6	58.8	14.7	11.7	12.8	16.3	13.9	12.6	35.0	14.6	14.3	18.6	10.7	12.8	10.0	13.4	11.9	11.2	21.7	9.5	9.8	13.8	12.1	11.4	12.4	13.1	11.7	15.6	12.7	10.2	12.0	15.0	9.0	16.3	12.3	12.2	12.4	11.3	15.5	7.8	9.3	13.9	27.2	14.6	12.7	16.5	11.2	10.3	14.1	15.1	12.1	13.8	12.0	14.8	11.4	100.0	15.2	9.5	11.5	13.3	14.5	11.6	10.4	15.2	12.9	15.3	10.7	8.4	9.6	14.9	13.2	10.1	13.2	13.2	16.7	13.5	17.8	12.8	10.4	16.2	22.7	13.4	13.2	17.5	9.3	9.4	8.4	13.4	12.6
69:1QP8_1|	11.3	9.6	14.2	10.7	13.0	21.8	13.6	9.6	12.2	15.7	9.5	13.3	8.2	15.4	13.6	8.3	14.0	16.0	16.5	15.6	12.6	11.3	11.9	15.4	5.8	13.9	9.0	13.4	14.4	15.1	11.7	9.5	8.1	11.0	13.6	11.4	9.0	14.6	11.7	11.6	14.5	12.1	12.3	11.6	11.5	12.7	13.9	14.1	10.2	8.2	12.0	9.1	13.4	15.1	19.2	15.0	14.4	10.5	10.5	8.9	12.3	12.2	9.4	12.8	9.1	11.9	12.0	14.1	100.0	11.1	9.6	13.3	13.0	13.8	12.8	11.1	11.4	13.9	12.8	8.0	14.0	14.5	13.8	9.0	10.1	13.9	13.8	12.5	13.4	10.6	9.7	13.4	12.5	14.8	12.2	13.6	12.8	8.6	7.2	13.8	12.3
70:1R0L_1|	13.6	11.8	11.5	12.5	12.0	11.8	17.5	12.5	16.0	11.3	10.4	11.4	12.2	13.8	18.1	10.5	14.0	11.3	13.5	14.5	12.6	12.9	14.7	15.4	8.2	12.5	9.8	15.2	15.1	14.7	11.1	9.1	10.0	13.4	14.7	14.3	10.7	11.9	10.2	14.6	14.2	11.7	15.3	14.0	16.8	13.1	13.1	15.3	12.7	12.0	12.7	11.8	13.6	13.9	17.2	12.8	12.7	12.0	10.5	14.6	12.7	10.1	11.3	15.6	12.9	13.5	10.4	11.3	14.2	100.0	12.5	15.8	13.5	13.8	16.6	14.8	14.3	16.6	15.6	13.2	13.4	11.6	12.3	46.9	11.7	11.4	13.8	12.8	15.4	38.9	17.3	14.8	10.4	13.4	19.8	16.1	38.6	29.3	11.6	19.2	14.2
71:1T2A_1|	14.3	11.8	51.2	51.6	16.7	11.8	12.7	15.1	10.9	11.9	10.9	13.7	13.1	14.2	15.8	11.1	12.4	17.1	19.2	12.3	13.8	14.2	17.9	20.4	8.1	18.1	11.2	20.8	11.6	15.5	16.6	13.4	13.1	14.8	14.7	12.6	15.5	19.1	13.1	12.6	13.6	11.5	14.7	15.6	16.2	13.9	13.5	13.4	17.7	11.8	13.4	9.7	12.0	13.5	11.9	15.7	13.7	12.0	11.2	13.5	17.8	15.4	7.6	15.6	11.6	16.8	10.7	13.1	11.9	12.1	100.0	13.3	16.9	12.7	15.9	16.5	13.6	19.0	13.5	11.8	14.3	21.1	13.5	12.5	9.7	19.0	15.6	17.3	17.8	14.1	13.8	18.8	11.7	9.0	18.4	15.7	9.3	11.9	9.0	15.6	23.0
72:1U2G_2|	9.4	7.4	7.3	8.7	13.4	7.0	9.9	10.5	9.5	8.0	7.0	14.1	6.3	8.9	9.1	6.3	12.8	8.6	9.8	10.0	9.3	8.3	12.7	10.0	4.2	8.9	6.7	11.5	8.2	8.8	8.1	6.7	6.6	8.6	12.1	8.0	6.2	8.4	9.9	6.8	8.9	6.6	9.8	8.3	8.4	10.6	9.8	7.5	10.6	6.2	11.7	8.7	7.1	14.7	7.9	10.6	7.4	8.5	6.4	7.8	11.2	8.1	7.3	7.3	7.9	8.6	10.1	8.3	8.9	8.2	7.2	100.0	44.0	8.0	10.4	11.4	8.9	10.2	8.9	5.7	9.3	11.6	8.4	6.1	7.0	11.4	7.6	8.3	9.7	9.5	10.1	13.0	7.7	7.8	11.1	10.8	9.3	6.8	5.4	12.5	10.4
73:1U31_1|	12.5	7.8	7.6	10.4	7.6	9.4	7.2	6.7	7.3	8.3	7.8	10.6	6.1	8.6	12.8	6.5	11.2	10.5	10.9	11.2	10.5	8.9	11.5	11.8	3.8	10.7	7.5	12.6	7.5	10.4	10.8	8.0	5.7	10.7	8.3	7.7	8.6	9.0	8.7	10.5	8.6	7.9	10.1	11.3	10.6	11.0	9.0	7.5	13.4	8.4	11.0	7.4	7.6	7.7	12.6	12.8	9.0	8.5	6.1	9.5	9.8	8.7	8.9	9.7	6.6	11.9	10.1	9.2	8.9	7.2	9.3	44.8	100.0	10.5	15.2	9.1	8.6	10.5	10.1	4.8	7.2	12.0	11.1	6.6	6.6	9.9	9.4	8.0	10.5	9.3	6.6	10.1	6.4	7.8	9.7	10.5	8.5	6.1	4.4	13.4	8.2
74:1WMA_1|	12.1	8.3	11.5	11.6	19.2	9.1	12.3	12.5	13.9	12.2	10.6	21.3	8.6	11.7	23.4	9.5	19.4	14.8	16.5	13.0	10.8	12.6	19.8	17.2	5.9	16.4	7.3	15.2	8.2	23.5	12.0	8.6	9.1	10.3	17.4	10.3	10.7	10.7	12.5	13.9	10.9	10.2	11.3	13.0	14.3	14.7	16.4	12.5	15.9	8.4	12.0	8.5	11.4	20.8	14.2	19.7	13.7	12.5	7.7	10.8	15.2	11.6	9.2	12.8	8.3	20.9	11.7	9.8	12.5	9.8	9.3	10.8	14.0	100.0	13.1	18.5	18.2	16.3	9.2	9.0	10.4	14.0	10.5	8.0	10.3	13.2	12.7	11.9	24.3	11.8	10.1	22.4	9.6	12.0	9.4	13.6	8.8	7.0	8.0	16.5	11.3
75:1WP4_1|	12.8	8.5	10.0	13.1	10.5	11.5	11.4	11.9	12.8	15.7	9.2	14.8	8.8	12.9	15.8	7.9	12.4	16.0	11.3	14.5	12.9	10.9	14.3	14.7	6.4	13.9	10.6	16.0	11.4	17.5	10.8	10.8	8.1	17.9	10.6	14.0	12.4	10.4	13.7	14.3	15.7	8.3	14.4	13.3	11.2	13.9	13.9	11.6	14.5	10.7	14.4	9.5	13.4	11.6	17.9	11.7	10.4	10.8	9.6	12.7	13.0	14.5	8.4	12.5	12.9	16.8	12.3	9.2	12.2	12.4	12.3	14.8	21.3	13.8	100.0	11.4	11.8	13.9	13.1	8.0	18.8	18.2	11.7	9.9	9.5	12.8	15.9	12.2	17.0	14.3	12.6	15.9	10.1	12.6	11.8	14.0	16.8	7.4	7.6	12.9	16.7
76:1XHL_1|	24.2	7.8	11.3	12.8	23.2	10.6	13.6	14.0	10.9	10.4	8.7	28.9	8.6	9.5	26.0	11.7	26.0	20.6	24.8	12.6	11.7	16.2	32.5	30.8	6.8	31.3	8.6	29.0	10.7	28.3	12.7	12.7	10.9	13.8	21.9	14.0	10.7	14.9	13.1	10.9	13.9	10.4	11.3	12.6	10.6	13.1	30.3	13.8	25.4	8.7	17.2	8.7	8.7	30.9	9.6	27.0	12.7	13.7	9.9	10.3	20.3	15.1	9.7	17.3	8.3	28.3	11.0	13.8	10.9	11.3	13.1	16.7	13.0	19.9	11.8	100.0	68.2	26.1	11.9	7.6	17.9	14.0	11.1	12.0	8.2	13.2	13.0	12.5	26.3	10.6	11.9	29.2	13.3	11.8	31.3	15.0	12.8	7.6	7.0	15.2	14.2
77:1XKQ_1|	20.4	9.2	12.3	9.0	22.5	11.8	12.3	9.0	12.0	11.6	12.0	27.8	9.1	10.5	27.9	6.9	26.7	19.1	24.1	13.4	12.0	9.3	31.7	24.7	5.3	22.8	10.0	25.7	10.3	29.1	11.1	10.8	6.0	11.0	23.0	10.0	11.2	10.4	13.4	10.9	12.1	8.5	12.0	11.0	9.7	12.7	29.5	15.3	23.3	10.4	21.6	7.2	9.3	29.7	10.3	22.3	15.1	11.7	10.3	11.1	26.1	10.4	7.9	22.5	10.6	29.5	11.7	11.0	10.6	10.3	10.1	12.3	11.6	18.5	11.4	64.3	100.0	21.7	12.5	9.0	13.4	16.9	10.8	11.3	6.6	15.4	9.8	11.2	26.7	9.5	13.2	23.5	7.7	10.6	27.1	12.9	10.9	8.2	6.0	13.4	11.0
78:1XSE_1|	15.5	9.2	11.3	15.5	74.6	8.5	13.0	10.8	9.8	11.3	10.6	20.9	9.3	12.9	21.5	11.9	18.6	16.3	20.3	11.9	11.1	13.9	23.0	26.2	7.8	24.2	8.8	27.9	9.4	25.1	16.3	12.1	12.2	13.1	74.7	9.1	10.7	13.4	13.1	10.2	10.9	10.8	10.4	9.3	10.9	12.2	23.8	10.6	19.1	6.9	13.1	10.1	12.5	20.8	10.6	21.5	11.7	13.4	8.3	13.0	19.2	15.1	10.0	13.1	7.7	24.2	10.7	13.8	13.5	12.6	14.9	14.8	15.0	17.4	14.2	25.9	22.9	100.0	12.5	7.4	13.7	14.9	9.9	9.4	11.9	15.4	13.0	11.5	27.9	9.3	12.9	30.0	10.4	11.8	20.5	13.3	11.2	8.2	7.4	14.7	13.2
79:1Y7T_1|	18.5	11.6	10.8	9.6	11.2	13.9	12.0	11.3	11.7	12.2	11.2	12.9	7.2	18.5	14.0	12.3	12.0	14.0	13.5	14.9	11.1	12.3	14.3	14.3	8.6	15.3	13.4	15.2	11.9	17.5	14.2	9.1	10.0	15.9	15.1	11.7	10.2	11.9	13.4	10.2	11.8	10.8	13.5	14.3	10.6	17.1	16.0	15.9	15.9	9.8	12.0	9.9	15.0	12.0	14.2	11.7	16.1	12.8	10.7	12.2	15.2	13.3	13.4	13.1	9.3	16.4	14.0	10.7	13.9	13.1	11.7	14.3	15.9	10.9	14.9	13.1	14.6	13.9	100.0	7.1	13.1	11.6	10.8	11.1	11.5	17.2	11.2	13.1	11.7	14.1	11.9	14.4	12.3	14.0	12.5	15.4	12.5	10.0	9.0	14.7	17.3
80:1YVE_1|	14.0	13.2	15.5	14.3	13.4	13.6	13.3	14.0	14.9	10.4	13.4	16.0	86.5	14.5	12.8	13.9	12.0	14.0	13.2	13.8	15.0	13.2	15.5	14.3	10.6	13.9	21.0	15.6	16.4	18.3	15.4	11.9	15.5	16.9	16.2	28.9	14.8	14.0	25.1	12.2	14.5	14.4	12.9	15.3	12.5	18.4	13.9	15.9	17.0	13.1	15.1	12.8	14.7	19.7	13.6	16.4	11.7	14.0	15.8	14.6	12.7	13.3	13.6	13.8	12.7	19.3	13.3	13.5	13.9	17.8	16.5	14.8	12.1	17.0	14.5	13.5	16.8	13.2	11.3	100.0	14.3	14.5	14.4	12.5	14.4	13.9	12.7	15.1	15.0	16.8	13.5	13.4	14.4	14.3	13.5	14.0	13.3	10.7	11.2	12.5	18.2
81:1Z82_1|	15.5	8.9	13.9	16.7	14.9	9.7	12.7	11.3	12.0	9.5	10.1	13.7	10.9	10.8	13.6	11.1	14.7	14.4	15.4	13.0	10.8	12.9	17.1	12.9	7.0	16.4	11.8	16.7	10.3	14.3	12.0	12.3	9.8	16.2	17.0	14.3	11.9	15.2	14.0	16.3	12.7	10.2	12.6	12.0	11.8	11.4	14.3	10.3	13.8	8.0	18.2	9.7	14.2	15.1	13.9	13.1	11.7	14.5	9.9	11.1	14.1	11.3	11.5	18.0	9.3	13.9	11.7	9.8	15.5	11.6	12.8	15.3	11.6	12.7	21.8	20.2	16.1	15.6	13.5	9.2	100.0	15.3	10.5	10.8	8.2	15.4	15.9	14.7	14.2	15.1	13.2	15.2	9.1	12.0	13.2	13.6	10.9	9.6	8.2	12.1	19.8
82:2BKA_1|	12.1	8.9	9.7	10.1	10.9	9.4	8.4	11.6	8.7	9.8	10.9	15.2	6.7	10.2	15.8	6.5	13.2	16.0	16.2	12.6	9.3	11.6	13.9	10.4	5.2	8.9	6.9	13.0	8.0	13.1	12.7	9.5	5.9	11.4	12.5	9.7	9.5	12.5	9.6	10.5	9.8	7.4	12.3	8.6	10.6	11.4	12.3	9.7	12.0	7.8	8.9	6.6	9.3	12.7	10.3	13.1	12.0	8.3	9.0	8.6	10.1	10.1	9.7	10.0	7.3	9.4	13.6	11.0	11.6	7.2	13.6	13.8	14.0	12.3	15.2	11.4	14.6	12.2	8.6	6.7	11.0	100.0	11.4	9.2	6.6	12.5	13.0	12.5	8.5	7.5	9.4	14.4	8.8	10.4	12.5	10.5	8.8	6.8	7.2	15.2	11.0
83:2DBV_1|	15.5	9.6	11.0	11.9	12.3	11.5	13.9	12.8	54.9	58.8	10.4	15.2	9.5	16.6	14.0	12.1	16.3	14.0	13.9	11.9	12.9	11.6	15.5	16.5	6.2	14.2	8.1	15.2	13.0	16.7	12.7	8.8	9.0	15.2	14.7	11.4	11.2	11.6	12.0	15.6	13.3	10.2	17.2	15.9	12.5	13.1	12.7	13.4	14.8	10.4	11.7	9.5	12.8	16.6	13.9	17.2	14.0	10.8	9.6	11.6	10.1	11.9	13.4	11.4	10.6	13.5	13.0	13.5	15.2	10.6	12.0	13.8	17.9	12.7	13.5	12.5	12.9	11.2	11.0	9.2	10.4	15.7	100.0	9.9	11.1	15.8	16.3	13.5	15.0	15.8	13.5	12.3	13.6	11.5	14.9	14.7	10.6	5.5	11.2	12.5	14.2
84:2EGH_1|	14.3	10.7	10.8	18.5	13.4	13.0	18.1	12.5	15.2	10.7	11.5	14.8	8.6	13.5	19.2	15.9	13.2	16.7	15.0	9.7	12.6	14.6	17.1	17.9	9.3	14.6	11.0	16.7	11.2	9.6	15.4	12.1	12.1	15.2	14.3	12.0	14.8	15.2	12.8	15.6	13.6	12.5	14.4	14.6	13.7	13.5	17.2	13.8	15.5	12.0	13.7	13.0	12.3	17.8	15.2	13.1	13.7	16.5	11.6	12.4	14.5	16.2	13.6	14.5	10.8	10.2	15.6	13.1	12.5	51.3	14.1	12.8	13.5	12.3	14.5	17.2	17.1	13.6	14.4	10.1	13.7	16.1	12.6	100.0	13.6	12.5	13.8	17.0	18.2	41.0	13.8	17.7	12.5	12.3	14.2	14.7	34.8	29.9	10.8	19.6	13.5
85:2FR0_1|	15.1	14.7	14.7	14.9	17.0	15.8	16.6	11.6	14.9	13.9	14.8	18.6	13.9	17.2	17.4	42.7	17.4	20.2	19.5	17.1	14.7	19.2	19.0	19.0	19.9	13.5	15.7	22.7	36.3	16.3	18.7	20.5	35.5	17.9	17.0	16.3	15.7	13.7	12.0	12.6	16.3	14.4	12.0	14.0	15.6	18.0	18.0	16.3	16.6	12.9	18.6	13.6	16.1	17.8	18.5	18.6	16.4	13.4	12.3	15.4	12.7	16.5	13.9	13.5	12.0	20.9	10.7	19.6	16.2	14.7	12.5	16.7	15.5	18.1	15.9	13.5	11.4	19.7	17.1	13.4	11.9	13.2	16.2	15.6	100.0	14.3	16.3	14.7	19.4	18.6	12.9	17.3	16.3	15.1	14.6	15.7	14.6	10.0	12.6	19.2	14.2
86:2GGS_1|	12.1	7.4	13.1	16.4	14.1	11.8	11.1	16.0	11.4	10.4	7.8	9.9	7.0	9.2	10.9	8.7	12.0	12.5	9.8	11.2	13.5	11.3	14.7	15.4	4.8	9.3	7.5	12.6	8.7	10.4	11.4	8.4	8.3	12.4	15.5	10.3	8.3	11.6	10.5	13.6	13.0	8.3	10.7	11.3	15.6	16.7	12.7	11.6	13.8	9.1	13.1	7.6	10.6	10.8	8.9	9.5	30.1	11.4	7.7	9.5	10.9	7.2	12.1	14.5	6.2	16.8	12.0	11.0	12.5	8.0	13.9	15.3	13.0	13.0	12.1	12.1	15.0	14.2	14.4	7.3	12.5	14.0	12.9	8.0	8.0	100.0	13.4	12.2	10.5	10.1	14.2	13.4	9.9	7.6	12.8	13.6	7.2	7.0	8.2	17.9	14.5
87:2I76_1|	12.1	8.0	13.4	10.7	15.6	12.4	13.0	11.3	12.0	12.5	9.0	15.6	10.5	10.2	14.3	8.5	16.3	14.4	14.3	11.2	13.8	9.6	13.5	12.9	5.4	11.7	9.6	10.8	10.3	10.8	13.0	7.8	7.6	12.8	12.5	10.9	12.4	12.5	12.5	16.3	9.2	9.8	9.5	10.0	11.8	14.3	13.5	8.8	12.0	8.9	14.1	7.0	11.7	15.1	12.6	10.6	10.4	10.3	10.1	9.5	9.4	12.5	9.7	13.8	8.7	13.5	13.3	14.1	12.5	9.8	11.5	10.3	12.6	12.7	15.2	12.1	9.6	12.2	9.5	6.7	13.1	14.9	13.5	9.0	9.3	13.6	100.0	14.1	10.9	9.8	14.2	12.3	10.1	12.9	13.9	14.3	10.1	6.4	8.2	16.5	11.0
88:2I99_1|	12.1	8.9	12.3	13.1	13.4	16.1	10.8	10.8	12.5	13.4	11.2	16.0	9.0	12.0	11.7	12.5	14.3	13.6	13.5	13.4	11.1	10.3	12.7	12.2	6.0	12.1	9.8	16.0	11.0	15.5	16.0	8.8	9.3	11.7	14.7	10.9	10.5	11.9	10.8	11.9	12.4	10.4	11.7	13.3	11.8	15.9	13.9	10.6	11.3	8.7	11.7	10.1	13.4	13.5	13.9	13.5	15.4	12.3	10.5	12.2	13.8	11.9	8.9	13.1	8.5	13.1	12.7	12.8	12.9	10.3	14.4	12.8	12.1	13.4	13.1	13.1	12.5	12.2	12.5	9.0	13.7	16.1	12.6	12.5	9.5	13.9	15.9	100.0	15.4	13.1	11.3	14.1	14.1	12.3	11.1	16.1	10.6	7.8	9.4	12.5	15.7
89:2JAH_1|	18.1	7.4	9.2	16.1	23.9	13.0	10.2	9.0	9.2	11.3	9.0	28.1	7.8	11.4	23.8	8.9	23.3	18.7	37.2	12.6	11.1	12.6	32.1	29.4	6.0	15.3	7.9	27.5	9.8	28.3	9.3	10.3	9.5	12.4	27.9	11.4	10.0	8.1	11.7	14.3	11.8	7.2	11.7	12.0	11.8	11.4	21.7	10.9	20.1	8.0	15.8	9.1	7.9	27.0	10.6	20.4	11.0	10.3	7.7	10.8	21.4	9.9	8.9	15.9	6.8	30.3	11.0	13.5	10.9	9.8	11.7	11.8	12.6	21.7	14.5	21.9	23.6	23.4	8.9	7.1	10.4	8.7	11.1	10.6	9.9	9.5	9.8	12.2	100.0	9.0	11.9	29.2	9.1	10.6	19.8	15.0	8.8	7.0	7.2	21.0	16.4
90:2JCV_1|	17.0	11.4	13.6	15.8	18.5	15.8	13.6	17.2	11.7	12.8	9.2	15.2	11.4	14.8	17.4	14.1	16.7	16.0	11.7	17.5	12.9	13.9	19.8	15.4	7.9	13.5	10.6	16.0	11.4	17.1	11.4	10.1	13.8	14.1	14.7	15.1	13.3	19.1	11.4	11.6	11.5	13.6	12.0	14.6	13.4	20.4	16.4	16.9	13.1	11.1	12.7	9.3	13.6	15.4	16.2	13.5	15.1	14.0	11.2	14.6	15.9	13.9	11.8	13.8	12.7	14.3	14.3	15.6	13.9	39.9	14.9	18.7	17.9	17.0	19.7	14.1	13.6	12.5	17.1	12.8	17.9	12.4	18.9	38.4	15.2	14.7	14.1	16.7	14.6	100.0	12.6	18.1	12.3	13.7	14.2	17.5	36.7	27.9	12.4	14.7	17.9
91:2R6J_1|	18.1	10.0	10.5	13.7	11.6	10.3	11.7	14.2	11.4	10.1	11.2	17.5	8.8	9.5	9.8	7.7	16.3	12.8	13.5	16.0	12.3	12.9	12.7	14.3	5.8	13.2	7.9	15.2	7.1	12.4	13.3	8.8	7.6	17.2	13.2	9.4	11.2	11.9	12.8	14.3	11.2	9.3	9.5	10.3	12.8	15.5	19.3	12.2	12.7	11.3	11.3	9.5	13.9	17.4	14.2	10.2	13.7	10.5	9.4	11.4	15.2	12.8	8.9	12.8	10.6	9.4	13.3	10.1	10.2	14.2	11.7	15.8	10.1	11.6	13.8	12.8	15.0	13.9	11.6	8.2	12.5	12.4	12.9	10.4	8.4	16.5	16.3	11.5	15.4	10.1	100.0	15.2	11.2	12.6	11.1	15.4	14.9	10.2	8.0	17.0	7.9
92:2RH4_1|	19.2	9.2	13.4	14.3	24.6	11.2	12.3	14.5	12.2	13.4	8.7	29.3	6.5	13.2	28.3	11.3	25.6	22.6	23.3	9.7	13.8	17.9	38.5	63.1	9.1	27.0	10.6	38.3	10.3	40.2	10.2	11.6	12.9	9.0	21.5	12.0	16.7	10.7	14.0	11.9	10.1	11.3	12.6	14.6	11.2	11.8	29.1	10.9	27.9	9.6	17.2	8.2	12.3	29.3	14.6	27.7	13.0	12.3	11.4	10.8	27.9	11.3	7.3	15.9	6.4	38.5	12.0	13.8	12.2	10.6	13.9	17.7	13.5	22.5	15.2	27.3	23.2	28.1	12.2	7.1	12.5	16.5	10.2	11.6	9.9	13.6	12.3	12.5	32.8	12.6	13.2	100.0	12.5	12.3	26.7	15.0	11.4	7.0	8.2	14.3	13.8
93:2VN8_1|	12.8	19.2	10.2	14.3	15.6	12.4	11.4	11.3	13.0	12.5	16.2	15.2	10.3	22.8	14.0	12.1	12.4	10.5	14.7	14.9	23.1	19.2	17.9	16.5	9.6	14.9	11.8	18.2	11.2	10.4	35.2	11.9	9.3	14.5	17.4	13.7	11.2	14.9	14.3	13.6	11.2	12.1	12.9	15.3	8.7	17.1	13.1	13.8	15.2	11.1	14.1	10.9	11.4	13.5	28.8	12.4	12.0	15.4	12.9	13.0	13.0	20.3	11.0	12.5	12.0	10.2	12.7	26.0	15.5	10.1	11.7	14.3	11.6	13.0	13.1	16.8	10.4	13.2	14.1	10.3	10.1	13.6	15.3	11.1	12.6	13.6	13.8	17.0	13.8	11.6	13.2	17.0	100.0	11.5	16.7	13.3	12.8	8.6	9.8	8.9	20.4
94:2VWP_1|	13.2	14.3	10.8	11.6	12.7	16.7	10.5	10.2	10.6	11.0	12.3	12.5	9.0	16.6	12.5	9.7	11.6	12.5	11.7	15.2	15.6	10.9	13.1	15.8	7.4	11.7	11.0	10.8	11.2	13.1	15.4	10.1	9.0	16.6	13.6	14.9	11.0	12.5	9.3	12.2	13.6	10.4	12.6	12.3	13.7	19.6	12.7	10.6	15.9	12.9	12.7	11.3	10.6	11.6	23.2	11.7	13.0	21.7	10.5	12.2	14.1	17.4	10.8	13.1	12.2	14.8	16.6	14.7	17.5	12.4	8.5	13.8	13.5	15.6	15.6	14.1	13.6	14.2	15.3	9.7	12.8	15.3	12.3	10.4	11.1	9.9	16.7	14.1	15.4	12.3	14.2	15.9	10.9	100.0	9.4	11.9	10.6	8.6	10.0	17.0	12.3
95:2YHU_1|	20.0	8.3	6.8	13.7	18.5	10.9	10.2	15.4	11.1	11.6	7.6	24.7	8.0	14.5	21.9	11.7	30.6	23.7	18.0	10.8	11.4	14.9	38.5	33.3	6.9	29.9	9.8	30.5	9.6	31.9	11.7	12.3	10.3	10.3	15.8	15.7	14.5	13.7	9.6	9.5	11.5	9.6	10.4	11.3	12.8	16.7	26.2	9.4	20.1	9.6	47.1	7.6	9.0	29.3	14.6	21.5	11.4	13.1	7.2	10.5	58.0	11.0	8.1	47.8	7.3	32.4	9.4	11.6	11.6	14.7	14.1	15.8	13.5	9.8	11.8	30.3	27.9	20.0	11.0	7.4	11.3	14.9	12.9	9.7	8.6	13.6	14.5	10.3	23.1	10.3	10.1	27.8	12.8	7.6	100.0	11.9	10.4	5.7	10.0	16.5	16.0
96:2ZCV_1|	14.3	9.2	11.3	17.3	12.3	12.7	13.6	12.2	10.3	13.9	10.6	13.7	7.4	14.8	14.3	9.9	13.2	15.6	19.2	13.8	12.6	11.6	12.7	15.8	5.8	11.4	8.4	11.5	10.5	18.3	11.7	8.4	9.5	12.8	13.2	10.3	11.7	10.4	12.2	11.9	13.3	7.2	13.8	9.0	12.5	13.1	11.9	14.7	10.6	8.0	16.5	9.9	10.1	12.4	11.9	16.1	13.7	10.8	8.8	10.8	13.8	10.7	11.3	15.6	7.5	14.3	8.4	15.3	12.9	11.9	12.0	15.3	14.5	14.1	13.8	14.5	13.2	12.9	13.5	7.6	11.6	12.4	12.6	9.9	9.3	14.3	14.9	14.7	17.4	12.6	13.8	15.5	10.1	9.5	11.8	100.0	9.0	7.8	7.8	16.1	14.5
97:3A06_1|	17.7	11.6	13.4	13.4	13.4	10.0	15.4	12.8	9.8	12.8	9.2	12.9	9.9	12.6	13.6	10.5	15.5	12.8	12.8	14.9	13.5	12.9	16.3	15.8	7.5	16.0	10.8	18.2	10.7	17.9	13.3	10.8	10.5	12.8	11.3	14.3	11.9	12.2	13.1	12.9	14.5	10.8	11.3	15.3	11.5	17.1	14.8	12.2	11.3	10.4	14.8	10.9	11.7	16.2	15.9	15.0	16.1	9.4	13.8	11.4	16.7	12.2	8.9	14.5	11.6	18.4	13.3	10.7	15.8	37.4	9.3	17.2	15.5	12.0	21.8	16.2	14.6	14.2	14.4	9.5	12.2	13.6	12.0	30.9	11.3	9.9	13.8	12.8	13.4	34.7	17.6	15.5	12.8	11.2	13.5	11.9	100.0	24.6	13.2	12.5	15.4
98:3AU8_1|	10.2	12.3	15.2	10.1	13.8	11.5	10.8	13.1	14.1	13.1	13.4	15.2	10.5	15.7	11.3	9.1	15.9	14.0	13.9	14.5	11.1	14.2	17.1	11.5	7.0	13.2	12.8	13.4	8.9	12.0	15.1	10.6	8.4	14.5	11.7	12.3	12.1	18.8	14.3	12.2	15.4	11.9	13.2	13.6	14.6	11.8	13.9	10.6	13.1	13.1	13.4	10.7	11.7	16.2	13.6	11.3	15.1	11.7	9.0	14.1	12.7	13.3	9.4	13.5	9.5	11.5	14.3	14.1	13.9	36.9	15.5	16.3	14.5	12.3	12.5	12.5	14.3	13.6	15.0	9.9	14.0	13.6	8.1	34.4	10.1	12.5	11.2	12.2	13.8	34.2	15.7	12.3	11.2	11.8	9.7	13.3	31.9	100.0	10.4	16.5	10.7
99:3ETD_1|	13.2	14.7	13.4	13.4	12.0	12.4	14.5	16.9	14.1	15.4	15.1	12.9	10.3	13.2	14.7	13.9	14.7	14.8	12.0	14.1	15.3	15.6	12.3	16.1	8.3	14.9	13.4	11.2	15.1	14.7	14.2	12.5	11.4	11.7	11.7	12.6	11.4	12.8	13.1	14.3	13.9	25.3	15.3	15.3	11.8	14.7	16.0	12.2	17.7	12.9	14.1	13.2	12.8	11.2	14.6	15.3	14.0	14.2	15.4	13.0	13.8	13.3	13.6	13.8	14.1	12.3	13.3	12.8	11.9	14.9	12.0	13.3	10.6	14.5	13.1	11.8	10.7	12.5	13.8	10.7	12.2	14.9	16.8	12.7	13.0	15.0	14.9	15.1	14.6	15.6	12.6	14.8	13.1	14.0	17.4	13.6	17.6	10.7	100.0	19.2	13.2
100:3H2S_1|	14.0	7.4	8.4	7.5	12.0	10.6	12.3	10.2	8.7	8.9	8.4	13.3	6.5	8.0	11.3	7.7	18.2	12.5	16.5	13.0	6.6	9.3	15.5	12.5	5.0	9.3	6.1	14.5	8.0	15.9	7.8	8.0	6.7	16.9	12.1	9.1	9.0	11.3	9.6	9.5	9.8	5.7	9.2	9.6	10.9	13.1	10.7	10.0	14.5	7.8	12.7	7.2	11.2	15.1	12.3	17.2	10.7	9.7	8.6	8.1	13.0	9.3	8.9	14.5	6.2	17.2	7.1	9.2	10.2	11.1	9.3	13.8	14.5	13.4	10.0	11.4	10.7	11.2	10.1	5.3	8.1	14.0	8.4	10.4	8.8	14.7	13.4	9.0	19.0	8.3	11.9	11.6	5.3	10.6	12.8	12.6	7.4	7.6	8.6	100.0	13.2
101:3HWR_1|	12.8	9.8	13.1	15.5	18.5	11.8	12.0	12.8	10.3	12.2	11.8	14.4	9.7	11.1	13.2	12.3	14.0	12.8	13.5	15.6	12.9	14.2	20.6	16.8	5.8	17.1	8.8	13.4	11.9	11.2	12.7	8.6	8.4	10.3	9.8	13.7	12.4	19.4	15.2	20.1	13.0	9.6	12.0	9.0	11.8	15.5	14.8	7.5	11.7	13.1	14.8	11.3	10.9	15.1	17.2	12.8	16.1	15.7	9.9	10.0	12.7	14.2	9.2	12.8	9.8	16.4	10.4	12.2	12.9	11.6	19.5	16.3	12.6	13.0	18.3	15.2	12.5	14.2	16.8	11.1	18.8	14.5	13.5	10.1	9.3	16.8	12.7	16.0	21.1	14.3	7.9	15.9	17.3	10.9	17.7	16.1	13.0	7.0	8.4	18.8	100.0
